    unsorted:	 0.004935023006 0.004935140656 0.004934863600 0.004936128283 0.004936338784 0.004933473669 0.004925256386 0.004947708584 0.004730666851 0.004197853004 0.02307347275 0.04460743237 0.03904524897 0.05197669808 0.06487010295 0.08249932837 0.08165547745 0.2676163940 0.3846847812 1.317508245 1.368704715 1.859578410 3.002267270 3.163017884 3.379765927 3.322231094 5.294834847 7.483188690 9.859894317 12.12866643 15.08432519 28.83809319 32.70122700 44.21264252 42.94318091 45.95047037 54.85872894 67.60253135 92.98699549 91.87876789 120.4561666 115.3315374 132.6375790 181.3845611 181.0637942 247.2585144 246.6363682 244.8905573 250.0213205 240.7589953 236.2828035 226.6855246 210.0438475 259.8769434 280.4145811 319.2765646 331.5455552 335.0399072 407.4783798 415.2940583 426.2702016 478.1161949 629.8060031 705.1199511 929.7059687 915.9145159 1028.248328 1033.310989 1144.531440 1171.906861 1224.158826 1324.146675 1338.842083 1412.763891 1530.898987 1594.067489 1695.084546 1750.101519 1808.743479 1902.072460 1931.982050 2126.640274 2195.698402 2328.969844 2468.651526 2560.586192 2591.810258 2752.533109 2951.499776 3016.144290 3109.910151 3141.488082 3405.095800 3548.125916 4266.232914 5022.020276 5333.594968 5560.681120 5933.455946 6122.188709 6514.957478 6616.746465 7825.549474 9435.537262 11892.17744 13087.23160 16566.94059 17328.88982 19684.20882 28063.81041 31247.77410 35312.64775 42897.45395 42360.51898 44499.64505 95248.86866 814720.2816
      sorted:	 0.004197853004 0.004730666851 0.004925256386 0.004933473669 0.004934863600 0.004935023006 0.004935140656 0.004936128283 0.004936338784 0.004947708584 0.02307347275 0.03904524897 0.04460743237 0.05197669808 0.06487010295 0.08165547745 0.08249932837 0.2676163940 0.3846847812 1.317508245 1.368704715 1.859578410 3.002267270 3.163017884 3.322231094 3.379765927 5.294834847 7.483188690 9.859894317 12.12866643 15.08432519 28.83809319 32.70122700 42.94318091 44.21264252 45.95047037 54.85872894 67.60253135 91.87876789 92.98699549 115.3315374 120.4561666 132.6375790 181.0637942 181.3845611 210.0438475 226.6855246 236.2828035 240.7589953 244.8905573 246.6363682 247.2585144 250.0213205 259.8769434 280.4145811 319.2765646 331.5455552 335.0399072 407.4783798 415.2940583 426.2702016 478.1161949 629.8060031 705.1199511 915.9145159 929.7059687 1028.248328 1033.310989 1144.531440 1171.906861 1224.158826 1324.146675 1338.842083 1412.763891 1530.898987 1594.067489 1695.084546 1750.101519 1808.743479 1902.072460 1931.982050 2126.640274 2195.698402 2328.969844 2468.651526 2560.586192 2591.810258 2752.533109 2951.499776 3016.144290 3109.910151 3141.488082 3405.095800 3548.125916 4266.232914 5022.020276 5333.594968 5560.681120 5933.455946 6122.188709 6514.957478 6616.746465 7825.549474 9435.537262 11892.17744 13087.23160 16566.94059 17328.88982 19684.20882 28063.81041 31247.77410 35312.64775 42360.51898 42897.45395 44499.64505 95248.86866 814720.2816
